(kicad_pcb (version 20171130) (host pcbnew "(5.1.10)-1")

  (general
    (thickness 1.6)
    (drawings 10)
    (tracks 250)
    (zones 0)
    (modules 31)
    (nets 39)
  )

  (page A4)
  (layers
    (0 F.Cu signal)
    (31 B.Cu signal)
    (32 B.Adhes user)
    (33 F.Adhes user)
    (34 B.Paste user)
    (35 F.Paste user)
    (36 B.SilkS user)
    (37 F.SilkS user)
    (38 B.Mask user)
    (39 F.Mask user)
    (40 Dwgs.User user)
    (41 Cmts.User user)
    (42 Eco1.User user)
    (43 Eco2.User user)
    (44 Edge.Cuts user)
    (45 Margin user)
    (46 B.CrtYd user)
    (47 F.CrtYd user)
    (48 B.Fab user hide)
    (49 F.Fab user hide)
  )

  (setup
    (last_trace_width 0.25)
    (trace_clearance 0.2)
    (zone_clearance 0.508)
    (zone_45_only no)
    (trace_min 0.2)
    (via_size 0.8)
    (via_drill 0.4)
    (via_min_size 0.4)
    (via_min_drill 0.3)
    (uvia_size 0.3)
    (uvia_drill 0.1)
    (uvias_allowed no)
    (uvia_min_size 0.2)
    (uvia_min_drill 0.1)
    (edge_width 0.05)
    (segment_width 0.2)
    (pcb_text_width 0.3)
    (pcb_text_size 1.5 1.5)
    (mod_edge_width 0.12)
    (mod_text_size 1 1)
    (mod_text_width 0.15)
    (pad_size 1.524 1.524)
    (pad_drill 0.762)
    (pad_to_mask_clearance 0)
    (aux_axis_origin 0 0)
    (visible_elements 7FFFFFFF)
    (pcbplotparams
      (layerselection 0x010fc_ffffffff)
      (usegerberextensions true)
      (usegerberattributes true)
      (usegerberadvancedattributes true)
      (creategerberjobfile true)
      (excludeedgelayer true)
      (linewidth 0.100000)
      (plotframeref false)
      (viasonmask false)
      (mode 1)
      (useauxorigin false)
      (hpglpennumber 1)
      (hpglpenspeed 20)
      (hpglpendiameter 15.000000)
      (psnegative false)
      (psa4output false)
      (plotreference true)
      (plotvalue true)
      (plotinvisibletext false)
      (padsonsilk false)
      (subtractmaskfromsilk false)
      (outputformat 1)
      (mirror false)
      (drillshape 0)
      (scaleselection 1)
      (outputdirectory "Gerber/"))
  )

  (net 0 "")
  (net 1 GND_USB)
  (net 2 VDD1)
  (net 3 V_USB)
  (net 4 GND_uC)
  (net 5 RST)
  (net 6 VDD2)
  (net 7 3.3v_Out)
  (net 8 "Net-(C10-Pad2)")
  (net 9 DTR_prg)
  (net 10 "Net-(D1-Pad2)")
  (net 11 "Net-(D2-Pad2)")
  (net 12 "Net-(D3-Pad1)")
  (net 13 "Net-(D4-Pad1)")
  (net 14 "Net-(J1-Pad5)")
  (net 15 "Net-(J1-Pad3)")
  (net 16 "Net-(J1-Pad2)")
  (net 17 RXD_prg)
  (net 18 TXD_prg)
  (net 19 SPU)
  (net 20 "Net-(R4-Pad1)")
  (net 21 "Net-(R5-Pad1)")
  (net 22 SPD)
  (net 23 "Net-(R9-Pad2)")
  (net 24 D+)
  (net 25 "Net-(R10-Pad2)")
  (net 26 D-)
  (net 27 /TXD_led)
  (net 28 /RXD_led)
  (net 29 "Net-(U2-Pad28)")
  (net 30 "Net-(U2-Pad27)")
  (net 31 "Net-(U2-Pad14)")
  (net 32 "Net-(U2-Pad13)")
  (net 33 "Net-(U2-Pad12)")
  (net 34 "Net-(U2-Pad11)")
  (net 35 "Net-(U2-Pad10)")
  (net 36 "Net-(U2-Pad9)")
  (net 37 "Net-(U2-Pad6)")
  (net 38 "Net-(U2-Pad3)")

  (net_class Default "This is the default net class."
    (clearance 0.2)
    (trace_width 0.25)
    (via_dia 0.8)
    (via_drill 0.4)
    (uvia_dia 0.3)
    (uvia_drill 0.1)
    (add_net /RXD_led)
    (add_net /TXD_led)
    (add_net 3.3v_Out)
    (add_net D+)
    (add_net D-)
    (add_net DTR_prg)
    (add_net GND_USB)
    (add_net GND_uC)
    (add_net "Net-(C10-Pad2)")
    (add_net "Net-(D1-Pad2)")
    (add_net "Net-(D2-Pad2)")
    (add_net "Net-(D3-Pad1)")
    (add_net "Net-(D4-Pad1)")
    (add_net "Net-(J1-Pad2)")
    (add_net "Net-(J1-Pad3)")
    (add_net "Net-(J1-Pad5)")
    (add_net "Net-(R10-Pad2)")
    (add_net "Net-(R4-Pad1)")
    (add_net "Net-(R5-Pad1)")
    (add_net "Net-(R9-Pad2)")
    (add_net "Net-(U2-Pad10)")
    (add_net "Net-(U2-Pad11)")
    (add_net "Net-(U2-Pad12)")
    (add_net "Net-(U2-Pad13)")
    (add_net "Net-(U2-Pad14)")
    (add_net "Net-(U2-Pad27)")
    (add_net "Net-(U2-Pad28)")
    (add_net "Net-(U2-Pad3)")
    (add_net "Net-(U2-Pad6)")
    (add_net "Net-(U2-Pad9)")
    (add_net RST)
    (add_net RXD_prg)
    (add_net SPD)
    (add_net SPU)
    (add_net TXD_prg)
    (add_net VDD1)
    (add_net VDD2)
    (add_net V_USB)
  )

  (module Connector_USB:USB_A_Molex_67643_Horizontal (layer F.Cu) (tedit 5EA03975) (tstamp 619FCB84)
    (at 113.665 80.01 270)
    (descr "USB type A, Horizontal, https://www.molex.com/pdm_docs/sd/676433910_sd.pdf")
    (tags "USB_A Female Connector receptacle")
    (path /619FE5E8)
    (fp_text reference J1 (at 3.5 -3.19 90) (layer F.SilkS)
      (effects (font (size 1 1) (thickness 0.15)))
    )
    (fp_text value USB_A (at 3.5 14.5 90) (layer F.Fab)
      (effects (font (size 1 1) (thickness 0.15)))
    )
    (fp_line (start 0 -1.27) (end 1 -2.27) (layer F.Fab) (width 0.1))
    (fp_line (start -1 -2.27) (end 0 -1.27) (layer F.Fab) (width 0.1))
    (fp_line (start -0.9 -2.6) (end 0.9 -2.6) (layer F.SilkS) (width 0.12))
    (fp_line (start -3.05 12.69) (end -3.7 12.69) (layer F.Fab) (width 0.1))
    (fp_line (start 10.81 12.58) (end 10.16 12.58) (layer F.SilkS) (width 0.12))
    (fp_line (start -3.81 12.58) (end -3.81 13.1) (layer F.SilkS) (width 0.12))
    (fp_line (start 10.16 4.47) (end 10.16 12.58) (layer F.SilkS) (width 0.12))
    (fp_line (start -3.81 13.1) (end 10.81 13.1) (layer F.SilkS) (width 0.12))
    (fp_line (start 10.81 13.1) (end 10.81 12.58) (layer F.SilkS) (width 0.12))
    (fp_line (start -3.05 12.69) (end -3.05 -2.27) (layer F.Fab) (width 0.1))
    (fp_line (start 10.16 -2.38) (end 10.16 0.95) (layer F.SilkS) (width 0.12))
    (fp_line (start -3.16 -2.38) (end -3.16 0.95) (layer F.SilkS) (width 0.12))
    (fp_line (start -3.16 -2.38) (end 10.16 -2.38) (layer F.SilkS) (width 0.12))
    (fp_line (start -3.55 12.19) (end -3.55 4.66) (layer F.CrtYd) (width 0.05))
    (fp_line (start -4.2 12.19) (end -3.55 12.19) (layer F.CrtYd) (width 0.05))
    (fp_line (start -4.2 13.49) (end -4.2 12.19) (layer F.CrtYd) (width 0.05))
    (fp_line (start 10.55 12.19) (end 10.55 4.66) (layer F.CrtYd) (width 0.05))
    (fp_line (start 11.2 12.19) (end 10.55 12.19) (layer F.CrtYd) (width 0.05))
    (fp_line (start 11.2 13.49) (end 11.2 12.19) (layer F.CrtYd) (width 0.05))
    (fp_line (start -4.2 13.49) (end 11.2 13.49) (layer F.CrtYd) (width 0.05))
    (fp_line (start -3.55 -2.77) (end -3.55 0.76) (layer F.CrtYd) (width 0.05))
    (fp_line (start 10.55 -2.77) (end 10.55 0.76) (layer F.CrtYd) (width 0.05))
    (fp_line (start -3.55 -2.77) (end 10.55 -2.77) (layer F.CrtYd) (width 0.05))
    (fp_line (start -3.05 9.27) (end 10.05 9.27) (layer F.Fab) (width 0.1))
    (fp_line (start 10.7 12.69) (end 10.05 12.69) (layer F.Fab) (width 0.1))
    (fp_line (start 10.7 12.99) (end 10.7 12.69) (layer F.Fab) (width 0.1))
    (fp_line (start -3.7 12.99) (end 10.7 12.99) (layer F.Fab) (width 0.1))
    (fp_line (start -3.7 12.69) (end -3.7 12.99) (layer F.Fab) (width 0.1))
    (fp_line (start -3.16 12.58) (end -3.81 12.58) (layer F.SilkS) (width 0.12))
    (fp_line (start -3.16 12.58) (end -3.16 4.47) (layer F.SilkS) (width 0.12))
    (fp_line (start 10.05 -2.27) (end 10.05 12.69) (layer F.Fab) (width 0.1))
    (fp_line (start -3.05 -2.27) (end 10.05 -2.27) (layer F.Fab) (width 0.1))
    (fp_arc (start 10.07 2.71) (end 10.55 4.66) (angle -152.3426981) (layer F.CrtYd) (width 0.05))
    (fp_arc (start -3.07 2.71) (end -3.55 0.76) (angle -152.3426981) (layer F.CrtYd) (width 0.05))
    (fp_text user %R (at 3.5 3.7 90) (layer F.Fab)
      (effects (font (size 1 1) (thickness 0.15)))
    )
    (pad 4 thru_hole circle (at 7 0 270) (size 1.6 1.6) (drill 0.95) (layers *.Cu *.Mask)
      (net 1 GND_USB))
    (pad 3 thru_hole circle (at 4.5 0 270) (size 1.6 1.6) (drill 0.95) (layers *.Cu *.Mask)
      (net 15 "Net-(J1-Pad3)"))
    (pad 2 thru_hole circle (at 2.5 0 270) (size 1.6 1.6) (drill 0.95) (layers *.Cu *.Mask)
      (net 16 "Net-(J1-Pad2)"))
    (pad 1 thru_hole rect (at 0 0 270) (size 1.6 1.5) (drill 0.95) (layers *.Cu *.Mask)
      (net 3 V_USB))
    (pad 5 thru_hole circle (at 10.07 2.71 270) (size 3 3) (drill 2.3) (layers *.Cu *.Mask)
      (net 14 "Net-(J1-Pad5)"))
    (pad 5 thru_hole circle (at -3.07 2.71 270) (size 3 3) (drill 2.3) (layers *.Cu *.Mask)
      (net 14 "Net-(J1-Pad5)"))
    (model ${KISYS3DMOD}/Connector_USB.3dshapes/USB_A_Molex_67643_Horizontal.wrl
      (at (xyz 0 0 0))
      (scale (xyz 1 1 1))
      (rotate (xyz 0 0 0))
    )
  )

  (module Package_SO:SSOP-28_5.3x10.2mm_P0.65mm (layer F.Cu) (tedit 5A02F25C) (tstamp 618543E7)
    (at 143.51 82.55 180)
    (descr "28-Lead Plastic Shrink Small Outline (SS)-5.30 mm Body [SSOP] (see Microchip Packaging Specification 00000049BS.pdf)")
    (tags "SSOP 0.65")
    (path /6184BC01)
    (attr smd)
    (fp_text reference U2 (at -3.81 -6.35) (layer F.SilkS)
      (effects (font (size 1 1) (thickness 0.15)))
    )
    (fp_text value FT232RL (at 0 6.25) (layer F.Fab)
      (effects (font (size 1 1) (thickness 0.15)))
    )
    (fp_line (start -1.65 -5.1) (end 2.65 -5.1) (layer F.Fab) (width 0.15))
    (fp_line (start 2.65 -5.1) (end 2.65 5.1) (layer F.Fab) (width 0.15))
    (fp_line (start 2.65 5.1) (end -2.65 5.1) (layer F.Fab) (width 0.15))
    (fp_line (start -2.65 5.1) (end -2.65 -4.1) (layer F.Fab) (width 0.15))
    (fp_line (start -2.65 -4.1) (end -1.65 -5.1) (layer F.Fab) (width 0.15))
    (fp_line (start -4.75 -5.5) (end -4.75 5.5) (layer F.CrtYd) (width 0.05))
    (fp_line (start 4.75 -5.5) (end 4.75 5.5) (layer F.CrtYd) (width 0.05))
    (fp_line (start -4.75 -5.5) (end 4.75 -5.5) (layer F.CrtYd) (width 0.05))
    (fp_line (start -4.75 5.5) (end 4.75 5.5) (layer F.CrtYd) (width 0.05))
    (fp_line (start -2.875 -5.325) (end -2.875 -4.75) (layer F.SilkS) (width 0.15))
    (fp_line (start 2.875 -5.325) (end 2.875 -4.675) (layer F.SilkS) (width 0.15))
    (fp_line (start 2.875 5.325) (end 2.875 4.675) (layer F.SilkS) (width 0.15))
    (fp_line (start -2.875 5.325) (end -2.875 4.675) (layer F.SilkS) (width 0.15))
    (fp_line (start -2.875 -5.325) (end 2.875 -5.325) (layer F.SilkS) (width 0.15))
    (fp_line (start -2.875 5.325) (end 2.875 5.325) (layer F.SilkS) (width 0.15))
    (fp_line (start -2.875 -4.75) (end -4.475 -4.75) (layer F.SilkS) (width 0.15))
    (fp_text user %R (at 0 0) (layer F.Fab)
      (effects (font (size 0.8 0.8) (thickness 0.15)))
    )
    (pad 28 smd rect (at 3.6 -4.225 180) (size 1.75 0.45) (layers F.Cu F.Paste F.Mask)
      (net 29 "Net-(U2-Pad28)"))
    (pad 27 smd rect (at 3.6 -3.575 180) (size 1.75 0.45) (layers F.Cu F.Paste F.Mask)
      (net 30 "Net-(U2-Pad27)"))
    (pad 26 smd rect (at 3.6 -2.925 180) (size 1.75 0.45) (layers F.Cu F.Paste F.Mask)
      (net 4 GND_uC))
    (pad 25 smd rect (at 3.6 -2.275 180) (size 1.75 0.45) (layers F.Cu F.Paste F.Mask)
      (net 4 GND_uC))
    (pad 24 smd rect (at 3.6 -1.625 180) (size 1.75 0.45) (layers F.Cu F.Paste F.Mask))
    (pad 23 smd rect (at 3.6 -0.975 180) (size 1.75 0.45) (layers F.Cu F.Paste F.Mask)
      (net 27 /TXD_led))
    (pad 22 smd rect (at 3.6 -0.325 180) (size 1.75 0.45) (layers F.Cu F.Paste F.Mask)
      (net 28 /RXD_led))
    (pad 21 smd rect (at 3.6 0.325 180) (size 1.75 0.45) (layers F.Cu F.Paste F.Mask)
      (net 4 GND_uC))
    (pad 20 smd rect (at 3.6 0.975 180) (size 1.75 0.45) (layers F.Cu F.Paste F.Mask)
      (net 5 RST))
    (pad 19 smd rect (at 3.6 1.625 180) (size 1.75 0.45) (layers F.Cu F.Paste F.Mask)
      (net 5 RST))
    (pad 18 smd rect (at 3.6 2.275 180) (size 1.75 0.45) (layers F.Cu F.Paste F.Mask)
      (net 4 GND_uC))
    (pad 17 smd rect (at 3.6 2.925 180) (size 1.75 0.45) (layers F.Cu F.Paste F.Mask)
      (net 7 3.3v_Out))
    (pad 16 smd rect (at 3.6 3.575 180) (size 1.75 0.45) (layers F.Cu F.Paste F.Mask)
      (net 26 D-))
    (pad 15 smd rect (at 3.6 4.225 180) (size 1.75 0.45) (layers F.Cu F.Paste F.Mask)
      (net 24 D+))
    (pad 14 smd rect (at -3.6 4.225 180) (size 1.75 0.45) (layers F.Cu F.Paste F.Mask)
      (net 31 "Net-(U2-Pad14)"))
    (pad 13 smd rect (at -3.6 3.575 180) (size 1.75 0.45) (layers F.Cu F.Paste F.Mask)
      (net 32 "Net-(U2-Pad13)"))
    (pad 12 smd rect (at -3.6 2.925 180) (size 1.75 0.45) (layers F.Cu F.Paste F.Mask)
      (net 33 "Net-(U2-Pad12)"))
    (pad 11 smd rect (at -3.6 2.275 180) (size 1.75 0.45) (layers F.Cu F.Paste F.Mask)
      (net 34 "Net-(U2-Pad11)"))
    (pad 10 smd rect (at -3.6 1.625 180) (size 1.75 0.45) (layers F.Cu F.Paste F.Mask)
      (net 35 "Net-(U2-Pad10)"))
    (pad 9 smd rect (at -3.6 0.975 180) (size 1.75 0.45) (layers F.Cu F.Paste F.Mask)
      (net 36 "Net-(U2-Pad9)"))
    (pad 8 smd rect (at -3.6 0.325 180) (size 1.75 0.45) (layers F.Cu F.Paste F.Mask))
    (pad 7 smd rect (at -3.6 -0.325 180) (size 1.75 0.45) (layers F.Cu F.Paste F.Mask)
      (net 4 GND_uC))
    (pad 6 smd rect (at -3.6 -0.975 180) (size 1.75 0.45) (layers F.Cu F.Paste F.Mask)
      (net 37 "Net-(U2-Pad6)"))
    (pad 5 smd rect (at -3.6 -1.625 180) (size 1.75 0.45) (layers F.Cu F.Paste F.Mask)
      (net 17 RXD_prg))
    (pad 4 smd rect (at -3.6 -2.275 180) (size 1.75 0.45) (layers F.Cu F.Paste F.Mask)
      (net 5 RST))
    (pad 3 smd rect (at -3.6 -2.925 180) (size 1.75 0.45) (layers F.Cu F.Paste F.Mask)
      (net 38 "Net-(U2-Pad3)"))
    (pad 2 smd rect (at -3.6 -3.575 180) (size 1.75 0.45) (layers F.Cu F.Paste F.Mask)
      (net 8 "Net-(C10-Pad2)"))
    (pad 1 smd rect (at -3.6 -4.225 180) (size 1.75 0.45) (layers F.Cu F.Paste F.Mask)
      (net 18 TXD_prg))
    (model ${KISYS3DMOD}/Package_SO.3dshapes/SSOP-28_5.3x10.2mm_P0.65mm.wrl
      (at (xyz 0 0 0))
      (scale (xyz 1 1 1))
      (rotate (xyz 0 0 0))
    )
  )

  (module Package_SO:SOIC-16W_7.5x10.3mm_P1.27mm (layer F.Cu) (tedit 5D9F72B1) (tstamp 618543B6)
    (at 128.27 82.69)
    (descr "SOIC, 16 Pin (JEDEC MS-013AA, https://www.analog.com/media/en/package-pcb-resources/package/pkg_pdf/soic_wide-rw/rw_16.pdf), generated with kicad-footprint-generator ipc_gullwing_generator.py")
    (tags "SOIC SO")
    (path /6184D50D)
    (attr smd)
    (fp_text reference U1 (at -3.81 -6.49) (layer F.SilkS)
      (effects (font (size 1 1) (thickness 0.15)))
    )
    (fp_text value ADUM4160 (at 0 6.1) (layer F.Fab)
      (effects (font (size 1 1) (thickness 0.15)))
    )
    (fp_line (start 0 5.26) (end 3.86 5.26) (layer F.SilkS) (width 0.12))
    (fp_line (start 3.86 5.26) (end 3.86 5.005) (layer F.SilkS) (width 0.12))
    (fp_line (start 0 5.26) (end -3.86 5.26) (layer F.SilkS) (width 0.12))
    (fp_line (start -3.86 5.26) (end -3.86 5.005) (layer F.SilkS) (width 0.12))
    (fp_line (start 0 -5.26) (end 3.86 -5.26) (layer F.SilkS) (width 0.12))
    (fp_line (start 3.86 -5.26) (end 3.86 -5.005) (layer F.SilkS) (width 0.12))
    (fp_line (start 0 -5.26) (end -3.86 -5.26) (layer F.SilkS) (width 0.12))
    (fp_line (start -3.86 -5.26) (end -3.86 -5.005) (layer F.SilkS) (width 0.12))
    (fp_line (start -3.86 -5.005) (end -5.675 -5.005) (layer F.SilkS) (width 0.12))
    (fp_line (start -2.75 -5.15) (end 3.75 -5.15) (layer F.Fab) (width 0.1))
    (fp_line (start 3.75 -5.15) (end 3.75 5.15) (layer F.Fab) (width 0.1))
    (fp_line (start 3.75 5.15) (end -3.75 5.15) (layer F.Fab) (width 0.1))
    (fp_line (start -3.75 5.15) (end -3.75 -4.15) (layer F.Fab) (width 0.1))
    (fp_line (start -3.75 -4.15) (end -2.75 -5.15) (layer F.Fab) (width 0.1))
    (fp_line (start -5.93 -5.4) (end -5.93 5.4) (layer F.CrtYd) (width 0.05))
    (fp_line (start -5.93 5.4) (end 5.93 5.4) (layer F.CrtYd) (width 0.05))
    (fp_line (start 5.93 5.4) (end 5.93 -5.4) (layer F.CrtYd) (width 0.05))
    (fp_line (start 5.93 -5.4) (end -5.93 -5.4) (layer F.CrtYd) (width 0.05))
    (fp_text user %R (at 0 0) (layer F.Fab)
      (effects (font (size 1 1) (thickness 0.15)))
    )
    (pad 16 smd roundrect (at 4.65 -4.445) (size 2.05 0.6) (layers F.Cu F.Paste F.Mask) (roundrect_rratio 0.25)
      (net 5 RST))
    (pad 15 smd roundrect (at 4.65 -3.175) (size 2.05 0.6) (layers F.Cu F.Paste F.Mask) (roundrect_rratio 0.25)
      (net 4 GND_uC))
    (pad 14 smd roundrect (at 4.65 -1.905) (size 2.05 0.6) (layers F.Cu F.Paste F.Mask) (roundrect_rratio 0.25)
      (net 6 VDD2))
    (pad 13 smd roundrect (at 4.65 -0.635) (size 2.05 0.6) (layers F.Cu F.Paste F.Mask) (roundrect_rratio 0.25)
      (net 22 SPD))
    (pad 12 smd roundrect (at 4.65 0.635) (size 2.05 0.6) (layers F.Cu F.Paste F.Mask) (roundrect_rratio 0.25)
      (net 6 VDD2))
    (pad 11 smd roundrect (at 4.65 1.905) (size 2.05 0.6) (layers F.Cu F.Paste F.Mask) (roundrect_rratio 0.25)
      (net 25 "Net-(R10-Pad2)"))
    (pad 10 smd roundrect (at 4.65 3.175) (size 2.05 0.6) (layers F.Cu F.Paste F.Mask) (roundrect_rratio 0.25)
      (net 23 "Net-(R9-Pad2)"))
    (pad 9 smd roundrect (at 4.65 4.445) (size 2.05 0.6) (layers F.Cu F.Paste F.Mask) (roundrect_rratio 0.25)
      (net 4 GND_uC))
    (pad 8 smd roundrect (at -4.65 4.445) (size 2.05 0.6) (layers F.Cu F.Paste F.Mask) (roundrect_rratio 0.25)
      (net 1 GND_USB))
    (pad 7 smd roundrect (at -4.65 3.175) (size 2.05 0.6) (layers F.Cu F.Paste F.Mask) (roundrect_rratio 0.25)
      (net 20 "Net-(R4-Pad1)"))
    (pad 6 smd roundrect (at -4.65 1.905) (size 2.05 0.6) (layers F.Cu F.Paste F.Mask) (roundrect_rratio 0.25)
      (net 21 "Net-(R5-Pad1)"))
    (pad 5 smd roundrect (at -4.65 0.635) (size 2.05 0.6) (layers F.Cu F.Paste F.Mask) (roundrect_rratio 0.25)
      (net 19 SPU))
    (pad 4 smd roundrect (at -4.65 -0.635) (size 2.05 0.6) (layers F.Cu F.Paste F.Mask) (roundrect_rratio 0.25)
      (net 2 VDD1))
    (pad 3 smd roundrect (at -4.65 -1.905) (size 2.05 0.6) (layers F.Cu F.Paste F.Mask) (roundrect_rratio 0.25)
      (net 2 VDD1))
    (pad 2 smd roundrect (at -4.65 -3.175) (size 2.05 0.6) (layers F.Cu F.Paste F.Mask) (roundrect_rratio 0.25)
      (net 1 GND_USB))
    (pad 1 smd roundrect (at -4.65 -4.445) (size 2.05 0.6) (layers F.Cu F.Paste F.Mask) (roundrect_rratio 0.25)
      (net 3 V_USB))
    (model ${KISYS3DMOD}/Package_SO.3dshapes/SOIC-16W_7.5x10.3mm_P1.27mm.wrl
      (at (xyz 0 0 0))
      (scale (xyz 1 1 1))
      (rotate (xyz 0 0 0))
    )
  )

  (module Resistor_SMD:R_0805_2012Metric (layer B.Cu) (tedit 5F68FEEE) (tstamp 6185438F)
    (at 143.2325 81.915)
    (descr "Resistor SMD 0805 (2012 Metric), square (rectangular) end terminal, IPC_7351 nominal, (Body size source: IPC-SM-782 page 72, https://www.pcb-3d.com/wordpress/wp-content/uploads/ipc-sm-782a_amendment_1_and_2.pdf), generated with kicad-footprint-generator")
    (tags resistor)
    (path /6185B387)
    (attr smd)
    (fp_text reference R13 (at 0 1.65) (layer B.SilkS)
      (effects (font (size 0.6 0.6) (thickness 0.1)) (justify mirror))
    )
    (fp_text value 1k (at 0 -1.65) (layer B.Fab)
      (effects (font (size 1 1) (thickness 0.15)) (justify mirror))
    )
    (fp_line (start -1 -0.625) (end -1 0.625) (layer B.Fab) (width 0.1))
    (fp_line (start -1 0.625) (end 1 0.625) (layer B.Fab) (width 0.1))
    (fp_line (start 1 0.625) (end 1 -0.625) (layer B.Fab) (width 0.1))
    (fp_line (start 1 -0.625) (end -1 -0.625) (layer B.Fab) (width 0.1))
    (fp_line (start -0.227064 0.735) (end 0.227064 0.735) (layer B.SilkS) (width 0.12))
    (fp_line (start -0.227064 -0.735) (end 0.227064 -0.735) (layer B.SilkS) (width 0.12))
    (fp_line (start -1.68 -0.95) (end -1.68 0.95) (layer B.CrtYd) (width 0.05))
    (fp_line (start -1.68 0.95) (end 1.68 0.95) (layer B.CrtYd) (width 0.05))
    (fp_line (start 1.68 0.95) (end 1.68 -0.95) (layer B.CrtYd) (width 0.05))
    (fp_line (start 1.68 -0.95) (end -1.68 -0.95) (layer B.CrtYd) (width 0.05))
    (fp_text user %R (at 0 0) (layer B.Fab)
      (effects (font (size 0.5 0.5) (thickness 0.08)) (justify mirror))
    )
    (pad 2 smd roundrect (at 0.9125 0) (size 1.025 1.4) (layers B.Cu B.Paste B.Mask) (roundrect_rratio 0.2439004878048781)
      (net 13 "Net-(D4-Pad1)"))
    (pad 1 smd roundrect (at -0.9125 0) (size 1.025 1.4) (layers B.Cu B.Paste B.Mask) (roundrect_rratio 0.2439004878048781)
      (net 28 /RXD_led))
    (model ${KISYS3DMOD}/Resistor_SMD.3dshapes/R_0805_2012Metric.wrl
      (at (xyz 0 0 0))
      (scale (xyz 1 1 1))
      (rotate (xyz 0 0 0))
    )
  )

  (module Resistor_SMD:R_0805_2012Metric (layer B.Cu) (tedit 5F68FEEE) (tstamp 6185437E)
    (at 143.2325 85.09)
    (descr "Resistor SMD 0805 (2012 Metric), square (rectangular) end terminal, IPC_7351 nominal, (Body size source: IPC-SM-782 page 72, https://www.pcb-3d.com/wordpress/wp-content/uploads/ipc-sm-782a_amendment_1_and_2.pdf), generated with kicad-footprint-generator")
    (tags resistor)
    (path /6185913C)
    (attr smd)
    (fp_text reference R12 (at 0 1.65) (layer B.SilkS)
      (effects (font (size 0.6 0.6) (thickness 0.1)) (justify mirror))
    )
    (fp_text value 1k (at 0 -1.65) (layer B.Fab)
      (effects (font (size 1 1) (thickness 0.15)) (justify mirror))
    )
    (fp_line (start -1 -0.625) (end -1 0.625) (layer B.Fab) (width 0.1))
    (fp_line (start -1 0.625) (end 1 0.625) (layer B.Fab) (width 0.1))
    (fp_line (start 1 0.625) (end 1 -0.625) (layer B.Fab) (width 0.1))
    (fp_line (start 1 -0.625) (end -1 -0.625) (layer B.Fab) (width 0.1))
    (fp_line (start -0.227064 0.735) (end 0.227064 0.735) (layer B.SilkS) (width 0.12))
    (fp_line (start -0.227064 -0.735) (end 0.227064 -0.735) (layer B.SilkS) (width 0.12))
    (fp_line (start -1.68 -0.95) (end -1.68 0.95) (layer B.CrtYd) (width 0.05))
    (fp_line (start -1.68 0.95) (end 1.68 0.95) (layer B.CrtYd) (width 0.05))
    (fp_line (start 1.68 0.95) (end 1.68 -0.95) (layer B.CrtYd) (width 0.05))
    (fp_line (start 1.68 -0.95) (end -1.68 -0.95) (layer B.CrtYd) (width 0.05))
    (fp_text user %R (at 0 0) (layer B.Fab)
      (effects (font (size 0.5 0.5) (thickness 0.08)) (justify mirror))
    )
    (pad 2 smd roundrect (at 0.9125 0) (size 1.025 1.4) (layers B.Cu B.Paste B.Mask) (roundrect_rratio 0.2439004878048781)
      (net 12 "Net-(D3-Pad1)"))
    (pad 1 smd roundrect (at -0.9125 0) (size 1.025 1.4) (layers B.Cu B.Paste B.Mask) (roundrect_rratio 0.2439004878048781)
      (net 27 /TXD_led))
    (model ${KISYS3DMOD}/Resistor_SMD.3dshapes/R_0805_2012Metric.wrl
      (at (xyz 0 0 0))
      (scale (xyz 1 1 1))
      (rotate (xyz 0 0 0))
    )
  )

  (module Resistor_SMD:R_0805_2012Metric (layer F.Cu) (tedit 5F68FEEE) (tstamp 6185436D)
    (at 136.1675 90.805 180)
    (descr "Resistor SMD 0805 (2012 Metric), square (rectangular) end terminal, IPC_7351 nominal, (Body size source: IPC-SM-782 page 72, https://www.pcb-3d.com/wordpress/wp-content/uploads/ipc-sm-782a_amendment_1_and_2.pdf), generated with kicad-footprint-generator")
    (tags resistor)
    (path /619541F3)
    (attr smd)
    (fp_text reference R11 (at 0 -1.65) (layer F.SilkS)
      (effects (font (size 1 1) (thickness 0.15)))
    )
    (fp_text value 1k (at 0 1.65) (layer F.Fab)
      (effects (font (size 1 1) (thickness 0.15)))
    )
    (fp_line (start -1 0.625) (end -1 -0.625) (layer F.Fab) (width 0.1))
    (fp_line (start -1 -0.625) (end 1 -0.625) (layer F.Fab) (width 0.1))
    (fp_line (start 1 -0.625) (end 1 0.625) (layer F.Fab) (width 0.1))
    (fp_line (start 1 0.625) (end -1 0.625) (layer F.Fab) (width 0.1))
    (fp_line (start -0.227064 -0.735) (end 0.227064 -0.735) (layer F.SilkS) (width 0.12))
    (fp_line (start -0.227064 0.735) (end 0.227064 0.735) (layer F.SilkS) (width 0.12))
    (fp_line (start -1.68 0.95) (end -1.68 -0.95) (layer F.CrtYd) (width 0.05))
    (fp_line (start -1.68 -0.95) (end 1.68 -0.95) (layer F.CrtYd) (width 0.05))
    (fp_line (start 1.68 -0.95) (end 1.68 0.95) (layer F.CrtYd) (width 0.05))
    (fp_line (start 1.68 0.95) (end -1.68 0.95) (layer F.CrtYd) (width 0.05))
    (fp_text user %R (at 0 0) (layer F.Fab)
      (effects (font (size 0.5 0.5) (thickness 0.08)))
    )
    (pad 2 smd roundrect (at 0.9125 0 180) (size 1.025 1.4) (layers F.Cu F.Paste F.Mask) (roundrect_rratio 0.2439004878048781)
      (net 11 "Net-(D2-Pad2)"))
    (pad 1 smd roundrect (at -0.9125 0 180) (size 1.025 1.4) (layers F.Cu F.Paste F.Mask) (roundrect_rratio 0.2439004878048781)
      (net 7 3.3v_Out))
    (model ${KISYS3DMOD}/Resistor_SMD.3dshapes/R_0805_2012Metric.wrl
      (at (xyz 0 0 0))
      (scale (xyz 1 1 1))
      (rotate (xyz 0 0 0))
    )
  )

  (module Resistor_SMD:R_0805_2012Metric (layer F.Cu) (tedit 5F68FEEE) (tstamp 6185435C)
    (at 136.2475 80.01 180)
    (descr "Resistor SMD 0805 (2012 Metric), square (rectangular) end terminal, IPC_7351 nominal, (Body size source: IPC-SM-782 page 72, https://www.pcb-3d.com/wordpress/wp-content/uploads/ipc-sm-782a_amendment_1_and_2.pdf), generated with kicad-footprint-generator")
    (tags resistor)
    (path /618CBBE2)
    (attr smd)
    (fp_text reference R10 (at 0 -1.27) (layer F.SilkS)
      (effects (font (size 0.6 0.6) (thickness 0.1)))
    )
    (fp_text value 24E (at 0 1.65) (layer F.Fab)
      (effects (font (size 1 1) (thickness 0.15)))
    )
    (fp_line (start -1 0.625) (end -1 -0.625) (layer F.Fab) (width 0.1))
    (fp_line (start -1 -0.625) (end 1 -0.625) (layer F.Fab) (width 0.1))
    (fp_line (start 1 -0.625) (end 1 0.625) (layer F.Fab) (width 0.1))
    (fp_line (start 1 0.625) (end -1 0.625) (layer F.Fab) (width 0.1))
    (fp_line (start -0.227064 -0.735) (end 0.227064 -0.735) (layer F.SilkS) (width 0.12))
    (fp_line (start -0.227064 0.735) (end 0.227064 0.735) (layer F.SilkS) (width 0.12))
    (fp_line (start -1.68 0.95) (end -1.68 -0.95) (layer F.CrtYd) (width 0.05))
    (fp_line (start -1.68 -0.95) (end 1.68 -0.95) (layer F.CrtYd) (width 0.05))
    (fp_line (start 1.68 -0.95) (end 1.68 0.95) (layer F.CrtYd) (width 0.05))
    (fp_line (start 1.68 0.95) (end -1.68 0.95) (layer F.CrtYd) (width 0.05))
    (fp_text user %R (at 0 0) (layer F.Fab)
      (effects (font (size 0.5 0.5) (thickness 0.08)))
    )
    (pad 2 smd roundrect (at 0.9125 0 180) (size 1.025 1.4) (layers F.Cu F.Paste F.Mask) (roundrect_rratio 0.2439004878048781)
      (net 25 "Net-(R10-Pad2)"))
    (pad 1 smd roundrect (at -0.9125 0 180) (size 1.025 1.4) (layers F.Cu F.Paste F.Mask) (roundrect_rratio 0.2439004878048781)
      (net 26 D-))
    (model ${KISYS3DMOD}/Resistor_SMD.3dshapes/R_0805_2012Metric.wrl
      (at (xyz 0 0 0))
      (scale (xyz 1 1 1))
      (rotate (xyz 0 0 0))
    )
  )

  (module Resistor_SMD:R_0805_2012Metric (layer F.Cu) (tedit 5F68FEEE) (tstamp 61855059)
    (at 136.2475 77.47 180)
    (descr "Resistor SMD 0805 (2012 Metric), square (rectangular) end terminal, IPC_7351 nominal, (Body size source: IPC-SM-782 page 72, https://www.pcb-3d.com/wordpress/wp-content/uploads/ipc-sm-782a_amendment_1_and_2.pdf), generated with kicad-footprint-generator")
    (tags resistor)
    (path /618CB767)
    (attr smd)
    (fp_text reference R9 (at 0.3575 1.27) (layer F.SilkS)
      (effects (font (size 0.6 0.6) (thickness 0.1)))
    )
    (fp_text value 24E (at 0 1.65) (layer F.Fab)
      (effects (font (size 1 1) (thickness 0.15)))
    )
    (fp_line (start -1 0.625) (end -1 -0.625) (layer F.Fab) (width 0.1))
    (fp_line (start -1 -0.625) (end 1 -0.625) (layer F.Fab) (width 0.1))
    (fp_line (start 1 -0.625) (end 1 0.625) (layer F.Fab) (width 0.1))
    (fp_line (start 1 0.625) (end -1 0.625) (layer F.Fab) (width 0.1))
    (fp_line (start -0.227064 -0.735) (end 0.227064 -0.735) (layer F.SilkS) (width 0.12))
    (fp_line (start -0.227064 0.735) (end 0.227064 0.735) (layer F.SilkS) (width 0.12))
    (fp_line (start -1.68 0.95) (end -1.68 -0.95) (layer F.CrtYd) (width 0.05))
    (fp_line (start -1.68 -0.95) (end 1.68 -0.95) (layer F.CrtYd) (width 0.05))
    (fp_line (start 1.68 -0.95) (end 1.68 0.95) (layer F.CrtYd) (width 0.05))
    (fp_line (start 1.68 0.95) (end -1.68 0.95) (layer F.CrtYd) (width 0.05))
    (fp_text user %R (at 0 0) (layer F.Fab)
      (effects (font (size 0.5 0.5) (thickness 0.08)))
    )
    (pad 2 smd roundrect (at 0.9125 0 180) (size 1.025 1.4) (layers F.Cu F.Paste F.Mask) (roundrect_rratio 0.2439004878048781)
      (net 23 "Net-(R9-Pad2)"))
    (pad 1 smd roundrect (at -0.9125 0 180) (size 1.025 1.4) (layers F.Cu F.Paste F.Mask) (roundrect_rratio 0.2439004878048781)
      (net 24 D+))
    (model ${KISYS3DMOD}/Resistor_SMD.3dshapes/R_0805_2012Metric.wrl
      (at (xyz 0 0 0))
      (scale (xyz 1 1 1))
      (rotate (xyz 0 0 0))
    )
  )

  (module Resistor_SMD:R_0805_2012Metric (layer F.Cu) (tedit 5F68FEEE) (tstamp 6185433A)
    (at 136.2475 86.995)
    (descr "Resistor SMD 0805 (2012 Metric), square (rectangular) end terminal, IPC_7351 nominal, (Body size source: IPC-SM-782 page 72, https://www.pcb-3d.com/wordpress/wp-content/uploads/ipc-sm-782a_amendment_1_and_2.pdf), generated with kicad-footprint-generator")
    (tags resistor)
    (path /61907C94)
    (attr smd)
    (fp_text reference R8 (at -0.3575 1.905) (layer F.SilkS)
      (effects (font (size 1 1) (thickness 0.15)))
    )
    (fp_text value 0R (at 0 1.65) (layer F.Fab)
      (effects (font (size 1 1) (thickness 0.15)))
    )
    (fp_line (start -1 0.625) (end -1 -0.625) (layer F.Fab) (width 0.1))
    (fp_line (start -1 -0.625) (end 1 -0.625) (layer F.Fab) (width 0.1))
    (fp_line (start 1 -0.625) (end 1 0.625) (layer F.Fab) (width 0.1))
    (fp_line (start 1 0.625) (end -1 0.625) (layer F.Fab) (width 0.1))
    (fp_line (start -0.227064 -0.735) (end 0.227064 -0.735) (layer F.SilkS) (width 0.12))
    (fp_line (start -0.227064 0.735) (end 0.227064 0.735) (layer F.SilkS) (width 0.12))
    (fp_line (start -1.68 0.95) (end -1.68 -0.95) (layer F.CrtYd) (width 0.05))
    (fp_line (start -1.68 -0.95) (end 1.68 -0.95) (layer F.CrtYd) (width 0.05))
    (fp_line (start 1.68 -0.95) (end 1.68 0.95) (layer F.CrtYd) (width 0.05))
    (fp_line (start 1.68 0.95) (end -1.68 0.95) (layer F.CrtYd) (width 0.05))
    (fp_text user %R (at 0 0) (layer F.Fab)
      (effects (font (size 0.5 0.5) (thickness 0.08)))
    )
    (pad 2 smd roundrect (at 0.9125 0) (size 1.025 1.4) (layers F.Cu F.Paste F.Mask) (roundrect_rratio 0.2439004878048781)
      (net 4 GND_uC))
    (pad 1 smd roundrect (at -0.9125 0) (size 1.025 1.4) (layers F.Cu F.Paste F.Mask) (roundrect_rratio 0.2439004878048781)
      (net 22 SPD))
    (model ${KISYS3DMOD}/Resistor_SMD.3dshapes/R_0805_2012Metric.wrl
      (at (xyz 0 0 0))
      (scale (xyz 1 1 1))
      (rotate (xyz 0 0 0))
    )
  )

  (module Resistor_SMD:R_0805_2012Metric (layer F.Cu) (tedit 5F68FEEE) (tstamp 61854329)
    (at 136.2475 83.185)
    (descr "Resistor SMD 0805 (2012 Metric), square (rectangular) end terminal, IPC_7351 nominal, (Body size source: IPC-SM-782 page 72, https://www.pcb-3d.com/wordpress/wp-content/uploads/ipc-sm-782a_amendment_1_and_2.pdf), generated with kicad-footprint-generator")
    (tags resistor)
    (path /61907C8E)
    (attr smd)
    (fp_text reference R7 (at 0 1.905) (layer F.SilkS)
      (effects (font (size 1 1) (thickness 0.15)))
    )
    (fp_text value 0R (at 0 1.65) (layer F.Fab)
      (effects (font (size 1 1) (thickness 0.15)))
    )
    (fp_line (start -1 0.625) (end -1 -0.625) (layer F.Fab) (width 0.1))
    (fp_line (start -1 -0.625) (end 1 -0.625) (layer F.Fab) (width 0.1))
    (fp_line (start 1 -0.625) (end 1 0.625) (layer F.Fab) (width 0.1))
    (fp_line (start 1 0.625) (end -1 0.625) (layer F.Fab) (width 0.1))
    (fp_line (start -0.227064 -0.735) (end 0.227064 -0.735) (layer F.SilkS) (width 0.12))
    (fp_line (start -0.227064 0.735) (end 0.227064 0.735) (layer F.SilkS) (width 0.12))
    (fp_line (start -1.68 0.95) (end -1.68 -0.95) (layer F.CrtYd) (width 0.05))
    (fp_line (start -1.68 -0.95) (end 1.68 -0.95) (layer F.CrtYd) (width 0.05))
    (fp_line (start 1.68 -0.95) (end 1.68 0.95) (layer F.CrtYd) (width 0.05))
    (fp_line (start 1.68 0.95) (end -1.68 0.95) (layer F.CrtYd) (width 0.05))
    (fp_text user %R (at 0 0) (layer F.Fab)
      (effects (font (size 0.5 0.5) (thickness 0.08)))
    )
    (pad 2 smd roundrect (at 0.9125 0) (size 1.025 1.4) (layers F.Cu F.Paste F.Mask) (roundrect_rratio 0.2439004878048781)
      (net 22 SPD))
    (pad 1 smd roundrect (at -0.9125 0) (size 1.025 1.4) (layers F.Cu F.Paste F.Mask) (roundrect_rratio 0.2439004878048781)
      (net 6 VDD2))
    (model ${KISYS3DMOD}/Resistor_SMD.3dshapes/R_0805_2012Metric.wrl
      (at (xyz 0 0 0))
      (scale (xyz 1 1 1))
      (rotate (xyz 0 0 0))
    )
  )

  (module Resistor_SMD:R_0805_2012Metric (layer F.Cu) (tedit 5F68FEEE) (tstamp 61854318)
    (at 119.7375 90.805)
    (descr "Resistor SMD 0805 (2012 Metric), square (rectangular) end terminal, IPC_7351 nominal, (Body size source: IPC-SM-782 page 72, https://www.pcb-3d.com/wordpress/wp-content/uploads/ipc-sm-782a_amendment_1_and_2.pdf), generated with kicad-footprint-generator")
    (tags resistor)
    (path /61861887)
    (attr smd)
    (fp_text reference R6 (at 0.9125 1.27) (layer F.SilkS)
      (effects (font (size 0.6 0.6) (thickness 0.1)))
    )
    (fp_text value 1k (at 0 1.65) (layer F.Fab)
      (effects (font (size 1 1) (thickness 0.15)))
    )
    (fp_line (start -1 0.625) (end -1 -0.625) (layer F.Fab) (width 0.1))
    (fp_line (start -1 -0.625) (end 1 -0.625) (layer F.Fab) (width 0.1))
    (fp_line (start 1 -0.625) (end 1 0.625) (layer F.Fab) (width 0.1))
    (fp_line (start 1 0.625) (end -1 0.625) (layer F.Fab) (width 0.1))
    (fp_line (start -0.227064 -0.735) (end 0.227064 -0.735) (layer F.SilkS) (width 0.12))
    (fp_line (start -0.227064 0.735) (end 0.227064 0.735) (layer F.SilkS) (width 0.12))
    (fp_line (start -1.68 0.95) (end -1.68 -0.95) (layer F.CrtYd) (width 0.05))
    (fp_line (start -1.68 -0.95) (end 1.68 -0.95) (layer F.CrtYd) (width 0.05))
    (fp_line (start 1.68 -0.95) (end 1.68 0.95) (layer F.CrtYd) (width 0.05))
    (fp_line (start 1.68 0.95) (end -1.68 0.95) (layer F.CrtYd) (width 0.05))
    (fp_text user %R (at 0 0) (layer F.Fab)
      (effects (font (size 0.5 0.5) (thickness 0.08)))
    )
    (pad 2 smd roundrect (at 0.9125 0) (size 1.025 1.4) (layers F.Cu F.Paste F.Mask) (roundrect_rratio 0.2439004878048781)
      (net 10 "Net-(D1-Pad2)"))
    (pad 1 smd roundrect (at -0.9125 0) (size 1.025 1.4) (layers F.Cu F.Paste F.Mask) (roundrect_rratio 0.2439004878048781)
      (net 3 V_USB))
    (model ${KISYS3DMOD}/Resistor_SMD.3dshapes/R_0805_2012Metric.wrl
      (at (xyz 0 0 0))
      (scale (xyz 1 1 1))
      (rotate (xyz 0 0 0))
    )
  )

  (module Resistor_SMD:R_0805_2012Metric (layer F.Cu) (tedit 5F68FEEE) (tstamp 61854307)
    (at 119.7375 83.82 180)
    (descr "Resistor SMD 0805 (2012 Metric), square (rectangular) end terminal, IPC_7351 nominal, (Body size source: IPC-SM-782 page 72, https://www.pcb-3d.com/wordpress/wp-content/uploads/ipc-sm-782a_amendment_1_and_2.pdf), generated with kicad-footprint-generator")
    (tags resistor)
    (path /61899CBF)
    (attr smd)
    (fp_text reference R5 (at 0.3575 -1.27) (layer F.SilkS)
      (effects (font (size 0.6 0.6) (thickness 0.1)))
    )
    (fp_text value 24E (at 0 1.65) (layer F.Fab)
      (effects (font (size 1 1) (thickness 0.15)))
    )
    (fp_line (start -1 0.625) (end -1 -0.625) (layer F.Fab) (width 0.1))
    (fp_line (start -1 -0.625) (end 1 -0.625) (layer F.Fab) (width 0.1))
    (fp_line (start 1 -0.625) (end 1 0.625) (layer F.Fab) (width 0.1))
    (fp_line (start 1 0.625) (end -1 0.625) (layer F.Fab) (width 0.1))
    (fp_line (start -0.227064 -0.735) (end 0.227064 -0.735) (layer F.SilkS) (width 0.12))
    (fp_line (start -0.227064 0.735) (end 0.227064 0.735) (layer F.SilkS) (width 0.12))
    (fp_line (start -1.68 0.95) (end -1.68 -0.95) (layer F.CrtYd) (width 0.05))
    (fp_line (start -1.68 -0.95) (end 1.68 -0.95) (layer F.CrtYd) (width 0.05))
    (fp_line (start 1.68 -0.95) (end 1.68 0.95) (layer F.CrtYd) (width 0.05))
    (fp_line (start 1.68 0.95) (end -1.68 0.95) (layer F.CrtYd) (width 0.05))
    (fp_text user %R (at 0 0) (layer F.Fab)
      (effects (font (size 0.5 0.5) (thickness 0.08)))
    )
    (pad 2 smd roundrect (at 0.9125 0 180) (size 1.025 1.4) (layers F.Cu F.Paste F.Mask) (roundrect_rratio 0.2439004878048781)
      (net 16 "Net-(J1-Pad2)"))
    (pad 1 smd roundrect (at -0.9125 0 180) (size 1.025 1.4) (layers F.Cu F.Paste F.Mask) (roundrect_rratio 0.2439004878048781)
      (net 21 "Net-(R5-Pad1)"))
    (model ${KISYS3DMOD}/Resistor_SMD.3dshapes/R_0805_2012Metric.wrl
      (at (xyz 0 0 0))
      (scale (xyz 1 1 1))
      (rotate (xyz 0 0 0))
    )
  )

  (module Resistor_SMD:R_0805_2012Metric (layer F.Cu) (tedit 5F68FEEE) (tstamp 618542F6)
    (at 119.7375 86.995 180)
    (descr "Resistor SMD 0805 (2012 Metric), square (rectangular) end terminal, IPC_7351 nominal, (Body size source: IPC-SM-782 page 72, https://www.pcb-3d.com/wordpress/wp-content/uploads/ipc-sm-782a_amendment_1_and_2.pdf), generated with kicad-footprint-generator")
    (tags resistor)
    (path /6189A708)
    (attr smd)
    (fp_text reference R4 (at -0.9125 -1.27) (layer F.SilkS)
      (effects (font (size 0.6 0.6) (thickness 0.1)))
    )
    (fp_text value 24E (at -45.3625 -21.59) (layer F.Fab)
      (effects (font (size 1 1) (thickness 0.15)))
    )
    (fp_line (start -1 0.625) (end -1 -0.625) (layer F.Fab) (width 0.1))
    (fp_line (start -1 -0.625) (end 1 -0.625) (layer F.Fab) (width 0.1))
    (fp_line (start 1 -0.625) (end 1 0.625) (layer F.Fab) (width 0.1))
    (fp_line (start 1 0.625) (end -1 0.625) (layer F.Fab) (width 0.1))
    (fp_line (start -0.227064 -0.735) (end 0.227064 -0.735) (layer F.SilkS) (width 0.12))
    (fp_line (start -0.227064 0.735) (end 0.227064 0.735) (layer F.SilkS) (width 0.12))
    (fp_line (start -1.68 0.95) (end -1.68 -0.95) (layer F.CrtYd) (width 0.05))
    (fp_line (start -1.68 -0.95) (end 1.68 -0.95) (layer F.CrtYd) (width 0.05))
    (fp_line (start 1.68 -0.95) (end 1.68 0.95) (layer F.CrtYd) (width 0.05))
    (fp_line (start 1.68 0.95) (end -1.68 0.95) (layer F.CrtYd) (width 0.05))
    (fp_text user %R (at 0 0) (layer F.Fab)
      (effects (font (size 0.5 0.5) (thickness 0.08)))
    )
    (pad 2 smd roundrect (at 0.9125 0 180) (size 1.025 1.4) (layers F.Cu F.Paste F.Mask) (roundrect_rratio 0.2439004878048781)
      (net 15 "Net-(J1-Pad3)"))
    (pad 1 smd roundrect (at -0.9125 0 180) (size 1.025 1.4) (layers F.Cu F.Paste F.Mask) (roundrect_rratio 0.2439004878048781)
      (net 20 "Net-(R4-Pad1)"))
    (model ${KISYS3DMOD}/Resistor_SMD.3dshapes/R_0805_2012Metric.wrl
      (at (xyz 0 0 0))
      (scale (xyz 1 1 1))
      (rotate (xyz 0 0 0))
    )
  )

  (module Resistor_SMD:R_0805_2012Metric (layer F.Cu) (tedit 5F68FEEE) (tstamp 618542E5)
    (at 119.7375 80.645 180)
    (descr "Resistor SMD 0805 (2012 Metric), square (rectangular) end terminal, IPC_7351 nominal, (Body size source: IPC-SM-782 page 72, https://www.pcb-3d.com/wordpress/wp-content/uploads/ipc-sm-782a_amendment_1_and_2.pdf), generated with kicad-footprint-generator")
    (tags resistor)
    (path /618F35D5)
    (attr smd)
    (fp_text reference R3 (at 0 -1.65) (layer F.SilkS)
      (effects (font (size 0.6 0.6) (thickness 0.1)))
    )
    (fp_text value 0R (at 0 1.65) (layer F.Fab)
      (effects (font (size 1 1) (thickness 0.15)))
    )
    (fp_line (start -1 0.625) (end -1 -0.625) (layer F.Fab) (width 0.1))
    (fp_line (start -1 -0.625) (end 1 -0.625) (layer F.Fab) (width 0.1))
    (fp_line (start 1 -0.625) (end 1 0.625) (layer F.Fab) (width 0.1))
    (fp_line (start 1 0.625) (end -1 0.625) (layer F.Fab) (width 0.1))
    (fp_line (start -0.227064 -0.735) (end 0.227064 -0.735) (layer F.SilkS) (width 0.12))
